0 0 3 0 1 4 2 6 5 7 
1 3 0 3 1 4 2 6 5 7 
3 4 4 3 1 0 2 6 5 7 
4 7 4 3 1 7 2 6 5 0 
7 1 4 3 0 7 2 6 5 1 
8 5 4 3 5 7 2 6 0 1 
9 6 4 3 5 7 2 0 6 1 
10 2 4 3 5 7 0 2 6 1 
11 4 0 3 5 7 4 2 6 1 
14 1 1 3 5 7 4 2 6 0 
16 4 1 3 5 7 0 2 6 4 
17 2 1 3 5 7 2 0 6 4 
18 3 1 0 5 7 2 3 6 4 
19 1 0 1 5 7 2 3 6 4 
22 3 3 1 5 7 2 0 6 4 
23 1 3 0 5 7 2 1 6 4 
24 3 0 3 5 7 2 1 6 4 
27 4 4 3 5 7 2 1 6 0 
29 2 4 3 5 7 0 1 6 2 
30 4 0 3 5 7 4 1 6 2 
33 1 1 3 5 7 4 0 6 2 
34 4 1 3 5 7 0 4 6 2 
36 2 1 3 5 7 2 4 6 0 
Algorithm took: 0.2400035858154297 s