0 0 0 3 0 1 4 2 6 5 7 
0 1 6 3 1 0 4 2 6 5 7 
0 1 6 0 3 1 4 2 6 5 7 
0 4 5 7 3 1 4 2 6 5 0 
0 3 6 4 3 1 0 2 6 5 7 
0 4 4 4 3 1 7 2 6 5 0 
0 5 5 4 3 1 7 2 6 0 5 
0 6 4 4 3 1 7 2 0 6 5 
0 7 5 4 3 0 7 2 6 5 1 
0 8 4 4 3 5 7 2 6 0 1 
0 9 3 4 3 5 7 2 6 1 0 
0 9 3 4 3 5 7 2 0 6 1 
0 12 4 0 3 5 7 2 6 1 4 
0 10 4 4 3 5 7 0 2 6 1 
0 12 3 4 3 5 7 1 2 6 0 
0 15 4 6 3 5 7 2 0 1 4 
0 11 4 0 3 5 7 4 2 6 1 
0 14 2 1 3 5 7 4 2 6 0 
0 16 3 1 3 5 7 0 2 6 4 
0 17 2 1 3 5 7 2 0 6 4 
0 18 3 1 0 5 7 2 3 6 4 
0 18 3 1 3 5 7 2 6 0 4 
0 19 2 1 3 5 7 2 6 4 0 
0 15 4 0 3 5 7 1 2 6 4 
0 22 4 1 3 0 7 2 6 4 5 
0 22 4 0 3 5 7 2 6 4 1 
0 18 4 2 3 5 7 1 0 6 4 
0 23 4 1 3 4 7 2 6 0 5 
0 24 3 1 3 4 7 2 6 5 0 
0 24 3 1 3 4 7 2 0 6 5 
0 25 4 6 3 5 7 2 0 4 1 
0 26 3 6 3 5 7 2 4 0 1 
0 27 2 6 3 5 7 2 4 1 0 
0 30 3 0 3 5 7 2 4 1 6 
0 25 4 1 3 4 7 0 2 6 5 
0 27 3 1 3 4 7 5 2 6 0 
0 25 4 1 0 4 7 2 3 6 5 
0 19 4 1 3 0 7 2 6 5 4 
0 20 4 1 3 5 0 2 6 4 7 
0 21 4 1 3 5 7 0 6 4 2 
0 33 4 4 3 5 7 2 0 1 6 
0 19 4 0 1 5 7 2 3 6 4 
0 22 3 4 1 5 7 2 3 6 0 
0 17 4 1 3 0 7 4 2 6 5 
0 19 4 1 0 5 7 3 2 6 4 
0 22 4 3 1 5 7 2 0 6 4 
0 19 4 1 3 5 0 7 2 6 4 
0 20 3 1 3 5 4 7 2 6 0 
0 23 4 3 0 5 7 2 1 6 4 
0 24 3 0 3 5 7 2 1 6 4 
0 27 2 4 3 5 7 2 1 6 0 
0 22 4 1 3 5 4 0 2 6 7 
0 23 3 1 3 5 4 2 0 6 7 
0 26 4 7 3 5 0 2 1 6 4 
0 27 3 7 3 5 4 2 1 6 0 
0 28 4 4 3 5 0 2 1 6 7 
0 29 4 4 3 5 7 0 1 6 2 
0 30 4 0 3 5 4 2 1 6 7 
0 30 4 4 3 0 7 2 1 6 5 
0 30 4 4 3 5 7 1 0 6 2 
0 30 4 0 3 5 7 4 1 6 2 
0 33 3 2 3 5 7 4 1 6 0 
0 33 3 1 3 5 7 4 0 6 2 
0 34 2 1 3 5 7 0 4 6 2 
0 36 0 1 3 5 7 2 4 6 0 
