0 0 3 0 1 4 2 6 5 7 
1 1 3 1 0 4 2 6 5 7 
2 5 3 1 5 4 2 6 0 7 
3 7 3 1 5 4 2 6 7 0 
6 3 0 1 5 4 2 6 7 3 
7 1 1 0 5 4 2 6 7 3 
8 5 1 5 0 4 2 6 7 3 
9 7 1 5 7 4 2 6 0 3 
10 3 1 5 7 4 2 6 3 0 
13 7 1 5 0 4 2 6 3 7 
14 3 1 5 3 4 2 6 0 7 
15 7 1 5 3 4 2 6 7 0 
16 4 1 5 3 0 2 6 7 4 
19 2 1 5 3 2 0 6 7 4 
22 5 1 0 3 2 5 6 7 4 
23 3 1 3 0 2 5 6 7 4 
24 2 1 3 2 0 5 6 7 4 
25 4 1 3 2 4 5 6 7 0 
26 7 1 3 2 4 5 6 0 7 
27 2 1 3 0 4 5 6 2 7 
28 3 1 0 3 4 5 6 2 7 
29 6 1 6 3 4 5 0 2 7 
30 2 1 6 3 4 5 2 0 7 
31 7 1 6 3 4 5 2 7 0 
34 3 1 6 0 4 5 2 7 3 
35 6 1 0 6 4 5 2 7 3 
36 2 1 2 6 4 5 0 7 3 
37 7 1 2 6 4 5 7 0 3 
38 3 1 2 6 4 5 7 3 0 
41 6 1 2 0 4 5 7 3 6 
42 3 1 2 3 4 5 7 0 6 
43 7 1 2 3 4 5 0 7 6 
44 2 1 0 3 4 5 2 7 6 
45 3 1 3 0 4 5 2 7 6 
46 7 1 3 7 4 5 2 0 6 
47 6 1 3 7 4 5 2 6 0 
50 7 1 3 0 4 5 2 6 7 
51 3 1 0 3 4 5 2 6 7 
52 2 1 2 3 4 5 0 6 7 
53 6 1 2 3 4 5 6 0 7 
54 7 1 2 3 4 5 6 7 0 
Algorithm took: 1.1270010471343994 s