0 0 0 3 0 1 4 2 6 5 7 
0 1 10 3 1 0 4 2 6 5 7 
0 2 10 3 1 5 4 2 6 0 7 
0 3 8 3 1 5 4 2 6 7 0 
0 2 10 3 1 4 0 2 6 5 7 
0 6 10 3 1 0 4 2 6 7 5 
0 4 10 3 1 5 0 2 6 7 4 
0 7 10 3 1 4 0 2 6 7 5 
0 3 10 3 1 4 7 2 6 5 0 
0 7 10 3 1 7 4 2 6 0 5 
0 8 8 3 1 7 4 2 6 5 0 
0 8 10 3 1 4 5 2 6 7 0 
0 9 10 3 1 7 0 2 6 5 4 
0 6 12 0 1 5 4 2 6 7 3 
0 7 10 2 1 5 4 0 6 7 3 
0 9 8 2 1 5 4 3 6 7 0 
0 7 10 1 0 5 4 2 6 7 3 
0 8 8 1 5 0 4 2 6 7 3 
0 9 8 1 5 7 4 2 6 0 3 
0 10 6 1 5 7 4 2 6 3 0 
0 9 8 1 5 4 0 2 6 7 3 
0 10 6 1 5 4 3 2 6 7 0 
0 11 8 1 5 7 0 2 6 3 4 
0 13 8 1 5 0 4 2 6 3 7 
0 14 6 1 5 3 4 2 6 0 7 
0 15 4 1 5 3 4 2 6 7 0 
0 16 6 1 5 3 0 2 6 7 4 
0 14 8 1 5 7 3 2 6 0 4 
0 14 8 1 5 4 0 2 6 3 7 
0 19 8 1 5 3 2 0 6 7 4 
0 22 6 1 0 3 2 5 6 7 4 
0 23 6 1 6 3 2 5 0 7 4 
0 23 6 1 3 0 2 5 6 7 4 
0 24 4 1 3 2 0 5 6 7 4 
0 25 2 1 3 2 4 5 6 7 0 
0 26 4 1 3 2 4 5 6 0 7 
0 24 6 1 6 3 2 5 7 0 4 
0 24 6 1 3 7 2 5 6 0 4 
0 28 6 1 3 0 4 5 6 7 2 
0 27 6 1 3 0 4 5 6 2 7 
0 27 6 1 3 2 4 5 0 6 7 
0 25 6 1 6 3 2 5 7 4 0 
0 28 6 1 0 3 4 5 6 2 7 
0 25 6 1 3 7 2 5 6 4 0 
0 29 6 1 3 7 4 5 6 0 2 
0 30 4 1 3 7 4 5 6 2 0 
0 29 6 1 6 3 4 5 0 2 7 
0 30 4 1 6 3 4 5 2 0 7 
0 31 2 1 6 3 4 5 2 7 0 
0 32 4 1 6 3 0 5 2 7 4 
0 29 6 1 3 4 0 5 6 7 2 
0 30 4 1 3 4 2 5 6 7 0 
0 33 6 1 6 0 3 5 2 7 4 
0 35 6 1 6 3 7 5 2 0 4 
0 31 6 1 3 4 2 5 6 0 7 
0 34 6 1 6 7 3 5 2 0 4 
0 36 6 1 6 3 7 5 2 4 0 
0 35 6 1 6 7 3 5 2 4 0 
0 37 6 1 6 3 0 5 2 4 7 
0 31 6 1 3 7 0 5 6 2 4 
0 31 6 1 6 0 4 5 2 3 7 
0 34 6 1 6 0 4 5 2 7 3 
0 32 6 1 6 4 0 5 2 3 7 
0 35 6 1 6 7 4 5 2 0 3 
0 36 4 1 6 7 4 5 2 3 0 
0 35 6 1 6 4 0 5 2 7 3 
0 36 4 1 6 4 3 5 2 7 0 
0 33 6 1 6 4 7 5 2 3 0 
0 35 6 1 6 4 3 5 2 0 7 
0 37 6 1 6 7 0 5 2 3 4 
0 29 6 1 0 3 4 5 6 7 2 
0 28 6 1 3 4 0 5 6 2 7 
0 27 6 1 3 2 7 5 6 0 4 
0 30 6 1 6 3 4 5 0 7 2 
0 29 6 1 3 4 7 5 6 2 0 
0 28 6 1 3 2 7 5 6 4 0 
0 31 6 1 6 3 4 5 7 0 2 
0 32 4 1 6 3 4 5 7 2 0 
0 29 6 1 3 2 0 5 6 4 7 
0 33 6 1 6 3 0 5 7 2 4 
0 36 8 1 6 7 4 5 0 2 3 
0 35 8 1 0 6 4 5 2 7 3 
0 36 6 1 2 6 4 5 0 7 3 
0 37 6 1 2 6 4 5 7 0 3 
0 38 4 1 2 6 4 5 7 3 0 
0 38 6 1 2 0 4 5 7 6 3 
0 39 6 1 2 6 0 5 7 3 4 
0 41 6 1 2 0 4 5 7 3 6 
0 42 4 1 2 3 4 5 7 0 6 
0 43 2 1 2 3 4 5 7 6 0 
0 43 4 1 2 3 4 5 0 7 6 
0 44 4 1 2 3 0 5 7 6 4 
0 39 6 1 2 4 0 5 7 6 3 
0 40 4 1 2 4 3 5 7 6 0 
0 42 6 1 2 4 0 5 7 3 6 
0 44 6 1 0 3 4 5 2 7 6 
0 44 6 1 2 3 4 0 5 7 6 
0 46 2 1 2 3 4 6 5 7 0 
0 47 4 1 2 3 0 6 5 7 4 
0 47 4 1 2 3 4 6 5 0 7 
0 47 6 1 2 3 6 5 7 0 4 
0 41 6 1 2 4 3 5 7 0 6 
0 43 6 1 2 4 6 5 7 3 0 
0 50 6 1 2 3 7 6 5 0 4 
0 48 6 1 2 0 4 6 5 3 7 
0 48 6 1 2 3 4 6 0 5 7 
0 48 6 1 2 3 6 5 7 4 0 
0 49 6 1 2 3 4 0 6 5 7 
0 51 4 1 2 3 4 7 6 5 0 
0 49 6 1 2 3 0 5 7 4 6 
0 52 6 1 2 3 0 7 6 5 4 
0 52 6 1 2 3 4 7 6 0 5 
0 42 6 1 2 4 3 5 0 7 6 
0 48 6 1 2 3 6 5 0 7 4 
0 51 6 1 2 3 7 6 5 4 0 
0 49 6 1 2 4 0 6 5 3 7 
0 52 6 1 2 3 0 6 5 4 7 
0 50 6 1 2 4 7 6 5 3 0 
0 52 6 1 2 4 3 6 5 0 7 
0 53 4 1 2 4 3 6 5 7 0 
0 49 6 1 2 0 4 6 5 7 3 
0 54 6 1 2 4 0 6 5 7 3 
0 50 6 1 2 7 4 6 5 0 3 
0 51 4 1 2 7 4 6 5 3 0 
0 48 6 1 2 0 3 6 5 7 4 
0 52 6 1 2 7 0 6 5 3 4 
0 49 6 1 2 7 3 6 5 0 4 
0 45 6 1 3 0 4 5 2 7 6 
0 50 6 1 2 7 3 6 5 4 0 
0 46 6 1 3 7 4 5 2 0 6 
0 47 4 1 3 7 4 5 2 6 0 
0 46 6 1 3 4 0 5 2 7 6 
0 48 6 1 3 7 0 5 2 6 4 
0 50 6 1 3 0 4 5 2 6 7 
0 47 6 1 3 4 6 5 2 7 0 
0 51 6 1 3 6 4 5 2 0 7 
0 52 4 1 3 6 4 5 2 7 0 
0 51 6 1 3 4 0 5 2 6 7 
0 51 6 1 0 3 4 5 2 6 7 
0 52 4 1 2 3 4 5 0 6 7 
0 53 2 1 2 3 4 5 6 0 7 
0 54 0 1 2 3 4 5 6 7 0 
