0 0 0 6 3 4 7 1 2 5 0 
11 1 10 6 3 4 0 1 2 5 7 
12 2 10 6 3 0 4 1 2 5 7 
13 1 12 6 3 4 7 1 2 0 5 
13 3 10 6 3 5 4 1 2 0 7 
12 4 8 6 3 5 4 1 2 7 0 
13 3 10 6 0 3 4 1 2 5 7 
12 4 8 6 2 3 4 1 0 5 7 
11 5 6 6 2 3 4 1 5 0 7 
10 6 4 6 2 3 4 1 5 7 0 
13 7 6 6 2 3 0 1 5 7 4 
14 4 10 0 6 3 4 1 2 5 7 
13 5 8 1 6 3 4 0 2 5 7 
13 7 6 1 6 3 4 7 2 5 0 
14 6 8 6 2 0 4 1 5 3 7 
14 6 8 1 6 3 4 2 0 5 7 
13 7 6 1 6 3 4 2 5 0 7 
12 8 4 1 6 3 4 2 5 7 0 
15 7 8 2 6 3 4 1 0 5 7 
14 8 6 2 6 3 4 1 5 0 7 
13 9 4 2 6 3 4 1 5 7 0 
15 7 8 7 6 3 4 1 2 5 0 
15 3 12 6 3 0 7 1 2 5 4 
14 4 10 6 3 7 0 1 2 5 4 
13 5 8 6 3 7 4 1 2 5 0 
15 5 10 6 3 5 0 1 2 7 4 
15 5 10 6 2 3 4 0 1 5 7 
15 9 6 1 6 3 0 2 5 7 4 
15 7 8 6 2 3 4 7 1 5 0 
15 7 8 1 0 3 4 2 6 5 7 
15 7 8 6 2 4 0 1 5 3 7 
16 8 8 1 6 3 4 7 2 0 5 
16 8 8 1 6 0 4 2 5 3 7 
16 8 8 1 6 3 0 7 2 5 4 
16 8 8 1 0 3 4 6 2 5 7 
15 9 6 1 2 3 4 6 0 5 7 
14 10 4 1 2 3 4 6 5 0 7 
13 11 2 1 2 3 4 6 5 7 0 
16 6 10 4 6 3 0 1 2 5 7 
16 4 12 6 3 5 7 1 2 0 4 
16 4 12 6 0 3 7 1 2 5 4 
15 5 10 6 2 3 7 1 0 5 4 
16 6 10 6 3 7 4 1 2 0 5 
16 4 12 6 3 5 4 1 0 2 7 
16 8 8 6 2 0 3 1 5 7 4 
16 10 6 2 6 3 0 1 5 7 4 
16 4 12 6 3 4 5 1 2 0 7 
15 5 10 6 3 4 5 1 2 7 0 
16 6 10 0 2 3 4 6 1 5 7 
16 2 14 6 3 4 7 1 0 2 5 
16 6 10 6 3 4 0 1 2 7 5 
16 12 4 1 2 3 0 6 5 7 4 
16 8 8 2 0 3 4 1 6 5 7 
16 10 6 1 2 3 4 0 6 5 7 
16 2 14 6 3 0 7 1 2 4 5 
15 3 12 6 3 7 0 1 2 4 5 
16 12 4 1 2 3 4 7 6 5 0 
16 4 12 6 3 7 5 1 2 4 0 
16 8 8 1 3 0 4 2 6 5 7 
16 8 8 6 2 4 7 1 5 3 0 
17 3 14 0 3 4 6 1 2 5 7 
16 4 12 1 3 4 6 0 2 5 7 
15 7 8 1 3 4 0 6 2 5 7 
16 6 10 1 3 4 6 7 2 5 0 
16 8 8 1 3 4 7 6 2 5 0 
17 9 8 1 3 4 0 2 6 5 7 
17 5 12 1 3 4 6 2 0 5 7 
16 6 10 1 3 4 6 2 5 0 7 
15 7 8 1 3 4 6 2 5 7 0 
16 8 8 1 3 4 0 2 5 7 6 
17 9 8 1 3 5 4 2 6 0 7 
16 10 6 1 3 5 4 2 6 7 0 
17 9 8 2 3 0 4 1 6 5 7 
17 9 8 0 2 3 4 1 6 5 7 
17 9 8 6 2 0 4 1 5 7 3 
17 9 8 7 2 3 4 6 1 5 0 
17 9 8 0 2 3 4 1 5 7 6 
17 5 12 0 6 3 7 1 2 5 4 
17 5 12 6 3 5 7 1 2 4 0 
17 9 8 6 2 7 3 1 5 0 4 
17 9 8 2 6 0 4 1 5 3 7 
17 7 10 4 6 3 7 1 2 5 0 
17 3 14 6 0 3 7 1 2 4 5 
16 4 12 6 2 3 7 1 0 4 5 
17 7 10 2 0 3 4 6 1 5 7 
16 8 8 2 1 3 4 6 0 5 7 
15 9 6 2 1 3 4 6 5 0 7 
14 10 4 2 1 3 4 6 5 7 0 
17 3 14 0 3 4 7 1 2 5 6 
17 5 12 6 2 3 7 1 4 0 5 
16 6 10 6 2 3 7 1 4 5 0 
17 9 8 2 1 3 4 0 6 5 7 
17 11 6 2 1 3 0 6 5 7 4 
17 5 12 7 3 4 0 1 2 5 6 
17 7 10 6 2 3 0 1 4 5 7 
17 11 6 2 1 3 4 7 6 5 0 
17 9 8 1 3 0 4 6 2 5 7 
17 7 10 6 0 2 4 1 5 3 7 
17 7 10 1 3 4 0 7 2 5 6 
17 9 8 1 3 0 4 2 5 7 6 
17 7 10 6 3 0 4 1 2 7 5 
17 11 6 1 2 0 4 6 5 3 7 
17 9 8 1 6 4 0 2 5 3 7 
18 8 10 6 2 3 4 7 1 0 5 
18 8 10 6 2 3 0 7 1 5 4 
18 6 12 2 3 4 6 1 0 5 7 
17 7 10 2 3 4 6 1 5 0 7 
16 8 8 2 3 4 6 1 5 7 0 
17 9 8 2 3 4 0 1 5 7 6 
18 6 12 7 3 4 6 1 2 5 0 
18 4 14 6 3 4 1 0 2 5 7 
18 8 10 1 6 3 0 4 2 5 7 
18 10 8 2 3 4 0 1 6 5 7 
18 4 14 3 0 4 6 1 2 5 7 
17 5 12 3 2 4 6 1 0 5 7 
16 6 10 3 2 4 6 1 5 0 7 
15 7 8 3 2 4 6 1 5 7 0 
16 8 8 3 2 4 0 1 5 7 6 
17 9 8 3 2 0 4 1 5 7 6 
18 10 8 2 3 0 4 1 5 7 6 
18 6 12 6 3 4 1 7 2 5 0 
18 10 8 3 2 7 4 1 5 0 6 
17 11 6 3 2 7 4 1 5 6 0 
18 10 8 1 6 0 3 2 5 7 4 
18 6 12 6 3 0 5 1 2 7 4 
18 8 10 7 6 3 0 1 2 5 4 
18 8 10 7 6 3 4 1 2 0 5 
18 10 8 1 3 5 4 6 2 0 7 
17 11 6 1 3 5 4 6 2 7 0 
18 10 8 1 3 7 4 2 5 0 6 
17 11 6 1 3 7 4 2 5 6 0 
18 10 8 1 0 3 4 2 5 7 6 
18 10 8 1 6 4 7 2 5 3 0 
18 8 10 6 0 3 4 1 2 7 5 
17 9 8 6 2 3 4 1 0 7 5 
18 12 6 1 2 4 0 6 5 3 7 
18 10 8 6 2 3 4 1 7 0 5 
17 11 6 6 2 3 4 1 7 5 0 
18 8 10 6 5 2 4 1 0 3 7 
18 8 10 0 6 2 4 1 5 3 7 
17 9 8 1 6 2 4 0 5 3 7 
16 10 6 1 6 2 4 5 0 3 7 
17 11 6 1 6 2 4 7 5 3 0 
17 11 6 1 0 2 4 5 6 3 7 
16 12 4 1 2 0 4 5 6 3 7 
15 13 2 1 2 3 4 5 6 0 7 
14 14 0 1 2 3 4 5 6 7 0 
