0 0 6 3 4 7 1 2 5 0 
2 1 6 3 4 7 0 2 5 1 
3 2 6 3 4 7 2 0 5 1 
4 5 6 3 4 7 2 5 0 1 
5 1 6 3 4 7 2 5 1 0 
8 6 0 3 4 7 2 5 1 6 
11 5 5 3 4 7 2 0 1 6 
12 1 5 3 4 7 2 1 0 6 
13 6 5 3 4 7 2 1 6 0 
16 5 0 3 4 7 2 1 6 5 
19 1 1 3 4 7 2 0 6 5 
20 6 1 3 4 7 2 6 0 5 
21 5 1 3 4 7 2 6 5 0 
24 4 1 3 0 7 2 6 5 4 
25 5 1 3 5 7 2 6 0 4 
26 6 1 3 5 7 2 0 6 4 
27 2 1 3 5 7 0 2 6 4 
29 4 1 3 5 7 4 2 6 0 
30 6 1 3 5 7 4 2 0 6 
31 2 1 3 5 7 4 0 2 6 
32 4 1 3 5 7 0 4 2 6 
34 6 1 3 5 7 6 4 2 0 
35 7 1 3 5 0 6 4 2 7 
38 2 1 3 5 2 6 4 0 7 
39 7 1 3 5 2 6 4 7 0 
41 6 1 3 5 2 0 4 7 6 
44 2 1 3 5 0 2 4 7 6 
47 7 1 3 5 7 2 4 0 6 
48 6 1 3 5 7 2 4 6 0 
Algorithm took: 0.26600027084350586 s