0 0 0 6 3 4 7 1 2 5 0 
0 1 6 6 3 4 7 1 2 0 5 
0 2 6 6 3 4 7 0 2 5 1 
0 3 5 6 3 4 7 2 0 5 1 
0 4 5 6 3 4 7 2 5 0 1 
0 5 4 6 3 4 7 2 5 1 0 
0 5 5 6 3 0 7 2 5 4 1 
0 8 5 0 3 4 7 2 5 1 6 
0 8 5 6 3 0 7 2 5 1 4 
0 11 5 5 3 4 7 2 0 1 6 
0 9 5 6 3 1 7 2 5 0 4 
0 10 4 6 3 1 7 2 5 4 0 
0 12 5 5 3 4 7 2 1 0 6 
0 13 3 5 3 4 7 2 1 6 0 
0 16 4 5 3 0 7 2 1 6 4 
0 16 4 0 3 4 7 2 1 6 5 
0 19 3 1 3 4 7 2 0 6 5 
0 20 4 1 0 4 7 2 3 6 5 
0 20 4 1 3 4 7 2 6 0 5 
0 21 3 1 3 4 7 2 6 5 0 
0 20 4 1 3 4 7 0 2 6 5 
0 22 3 1 3 4 7 5 2 6 0 
0 21 4 1 4 0 7 2 3 6 5 
0 21 4 1 3 0 7 2 6 4 5 
0 25 4 1 3 0 7 5 2 6 4 
0 24 4 1 3 0 7 2 6 5 4 
0 25 3 1 3 5 7 2 6 0 4 
0 26 2 1 3 5 7 2 6 4 0 
0 26 2 1 3 5 7 2 0 6 4 
0 27 3 1 0 5 7 2 3 6 4 
0 27 3 1 3 5 7 0 2 6 4 
0 29 2 1 3 5 7 4 2 6 0 
0 27 4 1 3 5 0 2 6 4 7 
0 29 4 0 3 5 7 2 6 4 1 
0 30 4 1 0 5 7 3 2 6 4 
0 30 4 1 3 5 0 7 2 6 4 
0 31 3 1 3 5 4 7 2 6 0 
0 32 4 1 3 0 7 4 2 6 5 
0 30 4 1 3 5 7 4 2 0 6 
0 28 4 1 5 0 7 2 3 6 4 
0 28 4 0 1 5 7 2 3 6 4 
0 31 3 4 1 5 7 2 3 6 0 
0 28 4 1 3 5 7 0 6 4 2 
0 28 4 0 3 5 7 1 2 6 4 
0 31 3 4 3 5 7 1 2 6 0 
0 30 4 1 3 5 0 4 2 6 7 
0 31 4 1 3 5 7 4 0 2 6 
0 32 3 1 3 5 7 0 4 2 6 
0 34 2 1 3 5 7 6 4 2 0 
0 35 3 1 3 5 7 6 4 0 2 
0 29 4 1 3 5 7 6 0 4 2 
0 33 4 0 3 5 7 1 4 2 6 
0 36 3 6 3 5 7 1 4 2 0 
0 35 4 1 3 5 0 6 4 2 7 
0 37 4 1 3 0 7 6 4 2 5 
0 37 4 0 3 5 7 6 4 2 1 
0 38 4 1 3 5 6 0 4 2 7 
0 40 3 1 3 5 6 7 4 2 0 
0 38 4 1 3 5 2 6 4 0 7 
0 39 3 1 3 5 2 6 4 7 0 
0 38 4 1 3 2 7 6 4 0 5 
0 39 3 1 3 2 7 6 4 5 0 
0 40 4 1 3 5 0 6 4 7 2 
0 41 4 1 3 5 2 0 4 7 6 
0 44 3 1 3 5 0 2 4 7 6 
0 45 2 1 3 5 6 2 4 7 0 
0 47 2 1 3 5 7 2 4 0 6 
0 48 0 1 3 5 7 2 4 6 0 
