0 0 0 1 0 3 6 5 2 7 4 
7 1 6 1 2 3 6 5 0 7 4 
8 2 6 1 2 3 6 5 7 0 4 
9 1 8 1 3 0 6 5 2 7 4 
8 2 6 1 3 6 0 5 2 7 4 
7 3 4 1 3 6 4 5 2 7 0 
9 3 6 1 2 3 6 5 7 4 0 
10 2 8 1 3 7 6 5 2 0 4 
10 4 6 1 2 3 0 5 7 4 6 
10 2 8 1 2 3 6 0 5 7 4 
9 5 4 1 2 3 0 6 5 7 4 
8 6 2 1 2 3 4 6 5 7 0 
10 4 6 1 3 6 4 5 2 0 7 
11 3 8 1 3 7 6 5 2 4 0 
11 7 4 1 2 3 4 6 5 0 7 
11 5 6 1 3 0 4 5 2 6 7 
11 1 10 0 1 3 6 5 2 7 4 
9 3 6 6 1 3 0 5 2 7 4 
8 4 4 6 1 3 4 5 2 7 0 
11 3 8 1 2 0 6 5 7 3 4 
10 4 6 1 2 6 0 5 7 3 4 
9 5 4 1 2 6 4 5 7 3 0 
11 7 4 1 2 3 4 5 7 0 6 
10 8 2 1 2 3 4 5 7 6 0 
11 5 6 6 1 3 4 5 2 0 7 
12 4 8 1 3 7 0 5 2 4 6 
12 8 4 1 2 3 4 5 0 7 6 
12 6 6 1 2 0 3 6 5 7 4 
12 6 6 1 2 6 4 5 7 0 3 
12 6 6 1 3 0 4 5 2 7 6 
12 4 8 1 2 3 6 4 5 7 0 
12 4 8 4 1 3 6 5 2 7 0 
12 4 8 6 1 0 3 5 2 7 4 
12 4 8 2 1 3 6 5 0 7 4 
12 6 6 1 3 4 0 5 2 6 7 
12 6 6 1 0 3 4 5 2 6 7 
11 7 4 1 2 3 4 5 0 6 7 
10 8 2 1 2 3 4 5 6 0 7 
9 9 0 1 2 3 4 5 6 7 0 
