0 0 0 1 0 3 6 5 2 7 4 
0 1 6 1 2 3 6 5 0 7 4 
0 2 6 1 2 3 6 5 7 0 4 
0 3 6 1 2 3 6 5 7 4 0 
0 4 6 1 2 3 0 5 7 4 6 
0 7 4 1 2 3 4 5 7 0 6 
0 8 2 1 2 3 4 5 7 6 0 
0 8 4 1 2 3 4 5 0 7 6 
0 9 4 1 2 3 0 5 7 6 4 
0 11 6 1 2 0 4 5 7 6 3 
0 8 6 1 2 0 4 5 7 3 6 
0 9 6 1 0 3 4 5 2 7 6 
0 12 6 1 2 4 0 5 7 6 3 
0 13 4 1 2 4 3 5 7 6 0 
0 9 6 1 2 4 0 5 7 3 6 
0 14 6 1 2 4 3 5 7 0 6 
0 10 6 1 2 4 6 5 7 3 0 
0 15 6 1 2 4 3 5 0 7 6 
0 10 6 1 3 0 4 5 2 7 6 
0 9 6 1 2 3 4 0 5 7 6 
0 11 2 1 2 3 4 6 5 7 0 
0 12 4 1 2 3 0 6 5 7 4 
0 12 4 1 2 3 4 6 5 0 7 
0 12 6 1 2 6 4 5 7 0 3 
0 13 4 1 2 6 4 5 7 3 0 
0 15 6 1 2 3 7 6 5 0 4 
0 13 6 1 2 0 4 6 5 3 7 
0 13 6 1 2 3 4 6 0 5 7 
0 13 6 1 2 6 4 5 0 7 3 
0 14 6 1 2 3 4 0 6 5 7 
0 16 4 1 2 3 4 7 6 5 0 
0 16 6 1 2 3 7 6 5 4 0 
0 17 6 1 2 3 0 7 6 5 4 
0 17 6 1 2 3 4 7 6 0 5 
0 17 6 1 2 3 0 6 5 4 7 
0 14 6 1 2 4 0 6 5 3 7 
0 14 6 1 2 6 0 5 7 3 4 
0 10 6 1 2 0 3 5 7 6 4 
0 14 6 1 2 0 4 6 5 7 3 
0 13 6 1 2 0 3 6 5 7 4 
0 11 6 1 3 7 4 5 2 0 6 
0 12 4 1 3 7 4 5 2 6 0 
0 11 6 1 3 4 0 5 2 7 6 
0 17 6 1 2 4 3 6 5 0 7 
0 18 4 1 2 4 3 6 5 7 0 
0 14 6 1 2 7 3 6 5 0 4 
0 13 6 1 3 7 0 5 2 6 4 
0 15 6 1 3 0 4 5 2 6 7 
0 15 6 1 2 7 3 6 5 4 0 
0 12 6 1 3 4 6 5 2 7 0 
0 16 6 1 3 6 4 5 2 0 7 
0 17 4 1 3 6 4 5 2 7 0 
0 16 6 1 3 4 0 5 2 6 7 
0 16 6 1 0 3 4 5 2 6 7 
0 17 4 1 2 3 4 5 0 6 7 
0 18 2 1 2 3 4 5 6 0 7 
0 19 0 1 2 3 4 5 6 7 0 
