0 0 0 1 0 3 6 5 2 7 4 
0 1 3 1 2 3 6 5 0 7 4 
0 2 4 1 2 3 6 5 7 0 4 
0 3 3 1 2 3 6 5 7 4 0 
0 2 4 1 2 3 6 0 5 7 4 
0 4 3 1 2 3 6 4 5 7 0 
0 4 4 1 2 3 0 5 7 4 6 
0 7 3 1 2 3 4 5 7 0 6 
0 8 2 1 2 3 4 5 7 6 0 
0 8 2 1 2 3 4 5 0 7 6 
0 9 3 1 0 3 4 5 2 7 6 
0 9 3 1 2 3 4 0 5 7 6 
0 11 2 1 2 3 4 6 5 7 0 
0 10 4 0 1 3 4 5 2 7 6 
0 13 3 6 1 3 4 5 2 7 0 
0 10 4 0 2 3 4 1 5 7 6 
0 13 3 6 2 3 4 1 5 7 0 
0 13 4 2 1 3 4 5 0 7 6 
0 12 4 1 0 3 4 2 5 7 6 
0 12 4 1 2 3 4 6 5 0 7 
0 14 4 1 2 0 4 6 5 7 3 
0 14 4 0 2 3 4 6 5 7 1 
0 10 4 1 2 3 4 0 7 6 5 
0 17 4 5 2 3 4 6 0 7 1 
0 18 3 5 2 3 4 0 6 7 1 
0 19 2 0 2 3 4 5 6 7 1 
0 22 0 1 2 3 4 5 6 7 0 
